focal_x: 486.72551119965846
focal_y: 487.5417691189848
offset_x: 389.4484210209744
offset_y: 307.3813731845398
